9989:
2026414
505558
865727
1800566
999:
1368356
1748518
1686297
2504950
16727:
2621862
616046
796682
821819
1817215
16728:
1088725
16729:
2089791
660226
696860
1651080
517148
1628656
1673:
1249479
532795
1516690
418071
157326
1012733
16730:
2439795
102354
2029072
1766492
876615
16731:
980094
836349
458244
76210
323085
12581:
1546750
12582:
754355
1183411
789787
1132479
1408393
2431832
951711
798181
2208518
1316262
51741
2235716
1393482
713909
898764
1149251
1433111
963142
135348
2389821
2048343
1872855
1119908
2450252
1419398
261517
1297739
722864
1780874
675368
2140058
3561
1326136
157490
1363333
149707
11576:
2042561
1179423
1647060
576654
2558492
254340
11577:
360412
1801342
551743
729996
609934
2160258
2635583
613678
2437897